Event  0   38.7262   -2.14771   2.41905
6.21336   -2.21904   2.46242   -5.76386
2.01919   -0.761001   1.78452   -5.75429
5.90529   -0.849422   1.68457   -5.76365
2.6055   1.94607   -1.57278   -6.13779
9.01564   -2.0919   2.37217   -5.77077
13.1124   -2.09189   2.37206   -5.76577
Event  1   132.312   0.127782   2.34854
Event  1   131.632   -0.573985   -1.35598
Event  1   68.0988   0.783377   0.294302
Event  1   30.0145   0.923534   0.85601
2.54236   -0.770158   -1.2234   -5.46981
4.04705   -0.221238   2.74165   -5.4713
16.7053   0.0642353   2.31343   -5.47067
7.34009   0.121625   2.44543   -5.47056
2.67222   0.168438   2.21484   -5.47052
2.82251   0.205692   2.53469   -5.47038
4.11375   0.23065   2.53798   -5.47032
2.50661   -0.218659   2.01728   -5.47109
2.2693   -0.359426   1.8893   -5.47121
7.39712   0.767873   0.106779   -5.47263
15.2685   -0.55419   -1.36581   -5.47025
8.62926   -0.58721   -1.32841   -5.47024
65.0214   -0.557425   -1.37327   -5.47041
37.3383   0.0925245   2.34696   -5.47059
15.8207   0.0721149   2.32933   -5.47066
12.5822   0.228619   2.3934   -5.47038
3.07113   0.128513   2.36069   -5.47056
2.87112   -0.22152   1.95847   -5.47109
2.90329   -0.0792918   1.79721   -5.47088
6.20319   0.749306   0.343621   -5.47238
6.6987   0.844319   0.261313   -5.47273
23.2449   0.80055   0.295195   -5.47259
8.19257   0.970582   0.782361   -5.47221
6.01209   0.996307   0.865999   -5.47209
4.89628   2.07948   -1.71745   -5.47121
2.02138   2.14821   -1.5089   -5.47322
2.01098   1.91738   0.555829   -5.47627
5.97174   -0.54215   -1.2789   -5.4702
6.73838   -0.528369   -1.33294   -5.4703
5.17533   1.42173   2.78216   -5.4333
2.1177   0.219067   1.93281   -6.21165
2.57912   -0.0123956   2.06866   -0.92214
8.04333   -0.591689   -1.46449   -5.83453
Event  2   154.824   1.14506   -2.68537
Event  2   144.346   1.35852   0.718766
Event  2   49.6597   0.99473   0.177233
2.35333   1.69662   -2.58912   -3.83665
5.02541   1.89677   -2.81216   -3.8345
12.3278   1.12363   -2.72786   -3.83986
2.40613   0.183068   -1.94493   -3.84314
2.21312   1.20571   1.04011   -3.84611
9.78804   1.20015   0.725141   -3.84696
15.3892   1.40052   0.717755   -3.84785
34.9508   1.3687   0.696702   -3.84777
2.76579   1.71442   -2.61114   -3.83641
3.99184   1.65125   -2.81868   -3.83648
2.86471   1.28662   -2.61521   -3.83899
4.14986   1.17177   0.728759   -3.84682
2.26507   1.37016   0.890783   -3.84724
11.4797   1.34598   0.72203   -3.8476
76.0502   1.12891   -2.67776   -3.83745
3.75771   1.52319   -0.233404   -3.77898
21.7472   0.994589   0.166143   -3.84795
5.25002   0.936591   0.187525   -3.84279
8.43293   1.37281   0.710824   -3.7908
15.1321   1.37279   0.71083   -3.82926
22.5161   1.36736   0.708724   -3.8477
5.00413   0.980264   0.187924   -3.83481
Event  3   87.0627   0.913284   1.63117
Event  3   81.7423   1.66053   -1.73267
4.31545   1.11354   1.76311   -1.44103
2.43578   0.894832   -1.60241   -1.44111
8.01851   1.64842   -1.79989   -1.44145
7.75262   1.7304   -1.76999   -1.44148
6.55095   1.09872   1.62546   -1.44094
2.08326   -1.98041   0.840889   -1.44196
23.2269   1.65098   -1.69069   -1.44103
15.2359   0.855953   1.63258   -1.44088
3.90124   0.818311   1.62609   -1.44099
2.08197   1.63603   -1.81926   -1.44141
11.0299   1.67718   -1.75734   -1.42577
2.41395   0.780892   1.53154   10.7269
2.43988   1.67288   -1.68383   -1.377
Event  4   112.252   -0.713774   2.05276
Event  4   54.7792   1.39647   -1.22806
3.55536   0.314872   2.56119   2.31715
2.43781   1.64437   -2.28227   2.31668
3.15727   1.25494   -1.16755   2.31785
3.02316   1.40987   -1.24598   2.31793
12.6128   1.30137   -1.14192   2.31799
2.3333   1.75093   -1.14041   2.31834
6.41576   1.31699   -1.17806   2.3179
2.8075   -0.153021   1.07681   2.3173
2.30343   0.0891283   1.43114   2.31731
4.37878   0.0850549   -0.947678   2.31736
2.28097   1.35793   -1.25664   2.31788
5.43975   1.41815   -1.19754   2.31798
3.02757   0.147671   -1.14741   2.31195
2.31713   -0.142265   -1.20544   2.3214
2.43561   1.52155   -1.47422   2.31776
9.84006   -0.733868   2.03303   2.34722
10.4873   -0.716197   2.09489   2.32313
14.9233   -0.682638   2.02784   2.301
3.21352   -0.684677   2.078   2.30232
5.26305   -2.15483   -1.42186   2.30366
2.26064   -2.35795   -1.63756   2.33296
2.01024   -2.10045   -1.93644   -4.23575
6.99611   -0.69951   2.06534   2.31026
4.32341   -0.735566   2.192   2.78769
3.15428   -0.771268   1.99945   3.74351
3.4591   -0.55307   1.99622   -1.394
3.9423   -0.683165   2.0304   2.7741
Event  5   89.6149   0.728299   -0.19179
2.19701   0.667279   0.224334   -2.67006
2.15375   0.668721   0.00543402   -2.67027
20.5419   0.74303   -0.193549   -2.67061
8.69676   0.81777   -0.183694   -2.67081
13.9482   0.715533   -0.236691   -2.67056
Event  6   70.3531   -2.08988   -2.68858
3.17662   -2.02267   -2.61274   2.68767
3.6113   -2.01335   -2.71915   2.6885
2.85471   1.69918   0.110864   2.6889
2.37622   -2.09183   0.530043   2.68302
11.7377   -2.1039   -2.6976   2.68842
6.25257   -2.0942   -2.68459   2.68859
4.14806   -2.34094   0.551482   2.41507
2.5346   -2.08048   -2.72881   2.6044
3.00884   -2.07915   -2.72861   2.54935
Event  7   67.4448   -1.88103   0.333262
2.25633   -2.10713   -2.87769   -2.94022
3.58914   0.31176   -0.0563844   -2.94591
2.87713   -2.01562   0.418289   -2.95128
4.56939   -1.93798   0.303634   -2.95157
2.68444   -1.93682   0.206382   -2.9521
11.5455   -1.84212   0.325167   -3.0377
Event  8   83.7396   1.20367   0.71856
3.10263   2.25572   1.01957   2.64916
61.6564   1.20329   0.726916   2.64343
3.11082   2.39701   1.06217   2.65083
5.94302   1.22587   0.818837   2.64375
Event  9   97.2673   -1.95409   -1.69892
2.3647   -1.9149   -1.54526   -15.8276
13.521   -1.9371   -1.65619   -15.8273
9.9825   -2.00075   -1.76729   -15.8275
3.26862   -2.34352   -2.1991   -15.8271
2.61144   1.98604   -1.4797   -15.8148
2.14456   1.30101   0.841033   -15.823
4.16898   -1.89391   -1.78442   -15.8267
10.6188   -2.00881   -1.75333   -15.8272
3.99875   -1.98184   -1.73406   -15.8274
5.9508   -1.9647   -1.7008   -15.8276
3.11641   -1.859   -1.51706   -16.5852
3.75765   -1.96882   -1.78851   -14.6698
